D 3
F 3
M 3
S 3
xd
-6277438562204192487878988888393020692503707483087375482269988814848.000000;-6277438562204192487878988888393020692503707483087375482269988814848.000000;-6277438562204192487878988888393020692503707483087375482269988814848.000000;-6277438562204192487878988888393020692503707483087375482269988814848.000000;-6277438562204192487878988888393020692503707483087375482269988814848.000000;-6277438562204192487878988888393020692503707483087375482269988814848.000000;-6277438562204192487878988888393020692503707483087375482269988814848.000000;-6277438562204192487878988888393020692503707483087375482269988814848.000000;-6277438562204192487878988888393020692503707483087375482269988814848.000000;
xf
-6277438562204192487878988888393020692503707483087375482269988814848.000000;-6277438562204192487878988888393020692503707483087375482269988814848.000000;-6277438562204192487878988888393020692503707483087375482269988814848.000000;-6277438562204192487878988888393020692503707483087375482269988814848.000000;-6277438562204192487878988888393020692503707483087375482269988814848.000000;-6277438562204192487878988888393020692503707483087375482269988814848.000000;-6277438562204192487878988888393020692503707483087375482269988814848.000000;-6277438562204192487878988888393020692503707483087375482269988814848.000000;-6277438562204192487878988888393020692503707483087375482269988814848.000000;
xm
-6277438562204192487878988888393020692503707483087375482269988814848.000000;-6277438562204192487878988888393020692503707483087375482269988814848.000000;-6277438562204192487878988888393020692503707483087375482269988814848.000000;-6277438562204192487878988888393020692503707483087375482269988814848.000000;-6277438562204192487878988888393020692503707483087375482269988814848.000000;-6277438562204192487878988888393020692503707483087375482269988814848.000000;-6277438562204192487878988888393020692503707483087375482269988814848.000000;-6277438562204192487878988888393020692503707483087375482269988814848.000000;-6277438562204192487878988888393020692503707483087375482269988814848.000000;
