D 3
F 1
M 4
S 1
sd
9081.620000;873.908000;665.266000;
sf
3979.870000;
sm
475.308000;954.766000;859.654000;988.114000;
ss
3000.000000;
cd
688.743000;77.587000;477.150000;
cf
264.319000;323.290000;280.501000;563.945000;
cm
19.155000;21.511000;19.783000;448.445000;
ud
126.424000;797.443000;968.385000;
uf
60.001000;
um
47.583900;775.875000;784.693000;376.309000;
p
556.855000;
xdminmax
30.826100;4000.000000;103.683000;671.198000;304.109000;828.039000;
xfminmax
185.817000;2000.000000;253.947000;2000.000000;131.641000;2000.000000;690.481000;2000.000000;
xmminmax
322.536000;552.102000;735.512000;904.909000;54.213600;280.717000;600.012000;986.023000;
